atrio 
1.6467902660369873,1.4805809259414673,0.3312768340110779
1.5973891019821167,2.0125176906585693,-0.03765719383955002
1.4117016792297363,1.450126051902771,0.7401993870735168 ?? 
1.2726730108261108,2.066633939743042,0.5528200268745422
1.3935871124267578,1.8805689811706543,0.6695277094841003
1.5352518558502197,2.0784173011779785,0.5277711153030396 Centro


fundacion 
0.46760958433151245,2.3373422622680664,-1.0832387208938599
0.5070222020149231,1.9389396905899048,-1.469927430152893
0.03840962424874306,2.2606191635131836,-1.1879698038101196
0.42177948355674744,2.2266714572906494,-1.3494890928268433 centro
0.7905917167663574,2.07202410697937,-1.0436018705368042

cemdoe

2.0445218086242676,0.4920673668384552,0.2811475098133087
2.3061206340789795,0.11670234799385071,0.1014540046453476 centro
1.7614332437515259,0.28793832659721375,0.18535791337490082
2.359876871109009,-0.6742686033248901,0.1872536540031433
2.3025527000427246,-0.05049416795372963,0.4632873833179474
2.1804606914520264,0.5601081848144531,0.5822124481201172
2.027777671813965,-0.10820109397172928,-0.01572643406689167
2.167001724243164,-0.5073717832565308,-0.052586425095796585

affinis
-0.18373939394950867,-2.6539626121520996,-0.4795656204223633 centro
-0.05097797140479088,-2.4827380180358887,-0.06569018959999084
-0.35139283537864685,-2.6888515949249268,-0.2940196096897125
-0.9512643218040466,-2.451958179473877,-0.315106064081192
-0.7279337644577026,-2.285250663757324,-0.7158091068267822
-0.1506601870059967,-2.3690030574798584,-0.5677984952926636
{335}

arium
-0.5834723114967346,-0.11224670708179474,1.7812467813491821
-0.04611355438828468,0.34187862277030945,1.0564467906951904 sup
-0.06889987736940384,-0.941813051700592,2.757169723510742 inf 
0.46587860584259033,-0.13879349827766418,1.8124727010726929

allegra
{449}
-2.245647430419922,-0.7893467545509338,0.03888602554798126
-2.1439945697784424,0.3859260678291321,0.32796695828437805
-2.0276832580566406,-0.1640051305294037,-0.010092661716043949
-2.3254170417785645,-0.7307484745979309,0.4136829972267151
-2.3088932037353516,0.01805860549211502,0.08583687245845795 centro
-2.3007712364196777,-0.13052760064601898,0.4617513418197632
-2.179304599761963,0.5281762480735779,0.6159335970878601
-1.7776892185211182,0.2768135666847229,0.19461233913898468